{
  "nbformat": 4,
  "nbformat_minor": 0,
  "metadata": {
    "colab": {
      "provenance": [],
      "authorship_tag": "ABX9TyOThDeiczCXq01dqAL/a9uo",
      "include_colab_link": true
    },
    "kernelspec": {
      "name": "python3",
      "display_name": "Python 3"
    },
    "language_info": {
      "name": "python"
    }
  },
  "cells": [
    {
      "cell_type": "markdown",
      "metadata": {
        "id": "view-in-github",
        "colab_type": "text"
      },
      "source": [
        "<a href=\"https://colab.research.google.com/github/laubelle/projeto-erva-mate/blob/main/notebooks/correlacao_pearson.ipynb\" target=\"_parent\"><img src=\"https://colab.research.google.com/assets/colab-badge.svg\" alt=\"Open In Colab\"/></a>"
      ]
    },
    {
      "cell_type": "markdown",
      "source": [
        "#Correlação de Pearson\n",
        "##Introdução\n",
        "Uma medida de avaliação de correlação linear estatística entre variáveis quantitativas."
      ],
      "metadata": {
        "id": "JiLzSyXP-u6Q"
      }
    },
    {
      "cell_type": "code",
      "execution_count": null,
      "metadata": {
        "id": "Nxa59XgPjyOU",
        "colab": {
          "base_uri": "https://localhost:8080/"
        },
        "outputId": "15d5ccc1-899d-4565-907f-e394c6554dcf"
      },
      "outputs": [
        {
          "output_type": "stream",
          "name": "stdout",
          "text": [
            "Drive already mounted at /content/drive; to attempt to forcibly remount, call drive.mount(\"/content/drive\", force_remount=True).\n"
          ]
        }
      ],
      "source": [
        "import pandas as pd\n",
        "import plotly.express as px\n",
        "import plotly.graph_objects as go\n",
        "from sklearn.linear_model import LinearRegression\n",
        "import numpy as np\n",
        "from numpy._core.defchararray import index\n",
        "from google.colab import drive\n",
        "drive.mount('/content/drive')"
      ]
    },
    {
      "cell_type": "code",
      "source": [
        "caminho = '/content/drive/MyDrive/dados-erva-mate/'\n",
        "\n",
        "AnaliseSensorialM = pd.read_csv(\n",
        "    caminho + 'Análise sensorial.csv',\n",
        "    sep=',',\n",
        "    decimal=',', # Changed from '.' to ','\n",
        "    encoding='utf-8'\n",
        ")\n",
        "\n",
        "CorM = pd.read_csv(\n",
        "    caminho + 'Cor.csv',\n",
        "    sep=',',\n",
        "    decimal=',', # Changed from '.' to ','\n",
        "    encoding='utf-8'\n",
        ")\n",
        "\n",
        "EstatUmidM = pd.read_csv(\n",
        "    caminho + 'Estat. Umid e AW.csv',\n",
        "    sep=',',\n",
        "    decimal=',', # Changed from '.' to ','\n",
        "    encoding='utf-8'\n",
        ")\n",
        "\n",
        "FenoisIndividuaisM = pd.read_csv(\n",
        "    caminho + 'Fenóis individuais.csv',\n",
        "    sep=';',\n",
        "    decimal=',', # Changed from '.' to ','\n",
        "    encoding='utf-8',\n",
        "    index_col=False\n",
        ")\n"
      ],
      "metadata": {
        "id": "hffrgiNb_3fS"
      },
      "execution_count": null,
      "outputs": []
    },
    {
      "cell_type": "markdown",
      "source": [
        "#Correlação: Análise Sensorial\n"
      ],
      "metadata": {
        "id": "KJkyAmrcSxfI"
      }
    },
    {
      "cell_type": "code",
      "source": [
        "df = AnaliseSensorialM\n",
        "\n",
        "df_numerico = df.drop(columns='Trat_Meses', errors='ignore')\n",
        "\n",
        "matriz_correlacao = df_numerico.corr(method='pearson')\n",
        "print(matriz_correlacao)"
      ],
      "metadata": {
        "colab": {
          "base_uri": "https://localhost:8080/"
        },
        "id": "i2h9oFKES3_i",
        "outputId": "7bc98951-49d5-45d7-beb8-f6a00af415a2"
      },
      "execution_count": null,
      "outputs": [
        {
          "output_type": "stream",
          "name": "stdout",
          "text": [
            "                  Green_color  Fresh_green_odor  Sweet_aroma  Green_aroma  \\\n",
            "Green_color          1.000000          0.881140     0.938282     0.902964   \n",
            "Fresh_green_odor     0.881140          1.000000     0.976002     0.882756   \n",
            "Sweet_aroma          0.938282          0.976002     1.000000     0.954780   \n",
            "Green_aroma          0.902964          0.882756     0.954780     1.000000   \n",
            "Bitter_aroma        -0.975497         -0.915091    -0.953366    -0.908393   \n",
            "Gold_color          -0.838061         -0.962684    -0.971344    -0.936878   \n",
            "Straw_odor          -0.865877         -0.822106    -0.919830    -0.979794   \n",
            "Straw_aroma         -0.944659         -0.946296    -0.944777    -0.828080   \n",
            "Astringency         -0.911569         -0.968316    -0.966202    -0.889397   \n",
            "\n",
            "                  Bitter_aroma  Gold_color  Straw_odor  Straw_aroma  \\\n",
            "Green_color          -0.975497   -0.838061   -0.865877    -0.944659   \n",
            "Fresh_green_odor     -0.915091   -0.962684   -0.822106    -0.946296   \n",
            "Sweet_aroma          -0.953366   -0.971344   -0.919830    -0.944777   \n",
            "Green_aroma          -0.908393   -0.936878   -0.979794    -0.828080   \n",
            "Bitter_aroma          1.000000    0.893488    0.872437     0.926532   \n",
            "Gold_color            0.893488    1.000000    0.910904     0.859760   \n",
            "Straw_odor            0.872437    0.910904    1.000000     0.776819   \n",
            "Straw_aroma           0.926532    0.859760    0.776819     1.000000   \n",
            "Astringency           0.970416    0.951736    0.845753     0.921726   \n",
            "\n",
            "                  Astringency  \n",
            "Green_color         -0.911569  \n",
            "Fresh_green_odor    -0.968316  \n",
            "Sweet_aroma         -0.966202  \n",
            "Green_aroma         -0.889397  \n",
            "Bitter_aroma         0.970416  \n",
            "Gold_color           0.951736  \n",
            "Straw_odor           0.845753  \n",
            "Straw_aroma          0.921726  \n",
            "Astringency          1.000000  \n"
          ]
        }
      ]
    },
    {
      "cell_type": "code",
      "source": [
        "fig = px.imshow(\n",
        "    matriz_correlacao,\n",
        "    text_auto='.2f',          # mostra os valores com 2 casas decimais\n",
        "    color_continuous_scale='Geyser',\n",
        "    zmin=-1, zmax=1,\n",
        "    title='Correlação de Pearson: Análise Sensorial'\n",
        ")\n",
        "\n",
        "fig.update_layout(\n",
        "    width=600,\n",
        "    height=600,\n",
        ")\n",
        "\n",
        "fig.show()"
      ],
      "metadata": {
        "colab": {
          "base_uri": "https://localhost:8080/",
          "height": 617
        },
        "id": "o1eLv_cwS6Iy",
        "outputId": "6fc26c55-68b4-4555-ba66-0b437b3ce7ef"
      },
      "execution_count": null,
      "outputs": [
        {
          "output_type": "display_data",
          "data": {
            "text/html": [
              "<html>\n",
              "<head><meta charset=\"utf-8\" /></head>\n",
              "<body>\n",
              "    <div>            <script src=\"https://cdnjs.cloudflare.com/ajax/libs/mathjax/2.7.5/MathJax.js?config=TeX-AMS-MML_SVG\"></script><script type=\"text/javascript\">if (window.MathJax && window.MathJax.Hub && window.MathJax.Hub.Config) {window.MathJax.Hub.Config({SVG: {font: \"STIX-Web\"}});}</script>                <script type=\"text/javascript\">window.PlotlyConfig = {MathJaxConfig: 'local'};</script>\n",
              "        <script charset=\"utf-8\" src=\"https://cdn.plot.ly/plotly-2.35.2.min.js\"></script>                <div id=\"81ea94ab-1c20-46e1-a5d5-4031760b4b57\" class=\"plotly-graph-div\" style=\"height:600px; width:600px;\"></div>            <script type=\"text/javascript\">                                    window.PLOTLYENV=window.PLOTLYENV || {};                                    if (document.getElementById(\"81ea94ab-1c20-46e1-a5d5-4031760b4b57\")) {                    Plotly.newPlot(                        \"81ea94ab-1c20-46e1-a5d5-4031760b4b57\",                        [{\"coloraxis\":\"coloraxis\",\"name\":\"0\",\"texttemplate\":\"%{z:.2f}\",\"x\":[\"Green_color\",\"Fresh_green_odor\",\"Sweet_aroma\",\"Green_aroma\",\"Bitter_aroma\",\"Gold_color\",\"Straw_odor\",\"Straw_aroma\",\"Astringency\"],\"y\":[\"Green_color\",\"Fresh_green_odor\",\"Sweet_aroma\",\"Green_aroma\",\"Bitter_aroma\",\"Gold_color\",\"Straw_odor\",\"Straw_aroma\",\"Astringency\"],\"z\":[[1.0,0.8811404147368355,0.9382823006633935,0.9029642594892884,-0.9754972522736786,-0.8380605113527348,-0.8658773568048752,-0.9446590188058519,-0.9115691798866556],[0.8811404147368355,1.0,0.9760023026499131,0.8827560681074532,-0.9150906331023247,-0.9626836342367948,-0.8221064886061136,-0.9462955973590892,-0.9683162926670584],[0.9382823006633935,0.9760023026499131,1.0,0.9547800859800599,-0.9533659481836552,-0.9713440548098006,-0.9198303943186343,-0.9447774053870924,-0.9662015746054927],[0.9029642594892884,0.8827560681074532,0.9547800859800599,1.0,-0.9083925281494485,-0.9368781044063004,-0.9797936242231219,-0.8280802466950709,-0.889397069516177],[-0.9754972522736786,-0.9150906331023247,-0.9533659481836552,-0.9083925281494485,1.0,0.8934879785593602,0.8724365389519222,0.9265318188724037,0.9704163753004289],[-0.8380605113527348,-0.9626836342367948,-0.9713440548098006,-0.9368781044063004,0.8934879785593602,1.0,0.9109036308337893,0.8597604846419656,0.9517358449267727],[-0.8658773568048752,-0.8221064886061136,-0.9198303943186343,-0.9797936242231219,0.8724365389519222,0.9109036308337893,1.0,0.7768187485076455,0.8457534646858071],[-0.9446590188058519,-0.9462955973590892,-0.9447774053870924,-0.8280802466950709,0.9265318188724037,0.8597604846419656,0.7768187485076455,1.0,0.9217255531068137],[-0.9115691798866556,-0.9683162926670584,-0.9662015746054927,-0.889397069516177,0.9704163753004289,0.9517358449267727,0.8457534646858071,0.9217255531068137,1.0]],\"type\":\"heatmap\",\"xaxis\":\"x\",\"yaxis\":\"y\",\"hovertemplate\":\"x: %{x}\\u003cbr\\u003ey: %{y}\\u003cbr\\u003ecolor: %{z}\\u003cextra\\u003e\\u003c\\u002fextra\\u003e\"}],                        {\"template\":{\"data\":{\"histogram2dcontour\":[{\"type\":\"histogram2dcontour\",\"colorbar\":{\"outlinewidth\":0,\"ticks\":\"\"},\"colorscale\":[[0.0,\"#0d0887\"],[0.1111111111111111,\"#46039f\"],[0.2222222222222222,\"#7201a8\"],[0.3333333333333333,\"#9c179e\"],[0.4444444444444444,\"#bd3786\"],[0.5555555555555556,\"#d8576b\"],[0.6666666666666666,\"#ed7953\"],[0.7777777777777778,\"#fb9f3a\"],[0.8888888888888888,\"#fdca26\"],[1.0,\"#f0f921\"]]}],\"choropleth\":[{\"type\":\"choropleth\",\"colorbar\":{\"outlinewidth\":0,\"ticks\":\"\"}}],\"histogram2d\":[{\"type\":\"histogram2d\",\"colorbar\":{\"outlinewidth\":0,\"ticks\":\"\"},\"colorscale\":[[0.0,\"#0d0887\"],[0.1111111111111111,\"#46039f\"],[0.2222222222222222,\"#7201a8\"],[0.3333333333333333,\"#9c179e\"],[0.4444444444444444,\"#bd3786\"],[0.5555555555555556,\"#d8576b\"],[0.6666666666666666,\"#ed7953\"],[0.7777777777777778,\"#fb9f3a\"],[0.8888888888888888,\"#fdca26\"],[1.0,\"#f0f921\"]]}],\"heatmap\":[{\"type\":\"heatmap\",\"colorbar\":{\"outlinewidth\":0,\"ticks\":\"\"},\"colorscale\":[[0.0,\"#0d0887\"],[0.1111111111111111,\"#46039f\"],[0.2222222222222222,\"#7201a8\"],[0.3333333333333333,\"#9c179e\"],[0.4444444444444444,\"#bd3786\"],[0.5555555555555556,\"#d8576b\"],[0.6666666666666666,\"#ed7953\"],[0.7777777777777778,\"#fb9f3a\"],[0.8888888888888888,\"#fdca26\"],[1.0,\"#f0f921\"]]}],\"heatmapgl\":[{\"type\":\"heatmapgl\",\"colorbar\":{\"outlinewidth\":0,\"ticks\":\"\"},\"colorscale\":[[0.0,\"#0d0887\"],[0.1111111111111111,\"#46039f\"],[0.2222222222222222,\"#7201a8\"],[0.3333333333333333,\"#9c179e\"],[0.4444444444444444,\"#bd3786\"],[0.5555555555555556,\"#d8576b\"],[0.6666666666666666,\"#ed7953\"],[0.7777777777777778,\"#fb9f3a\"],[0.8888888888888888,\"#fdca26\"],[1.0,\"#f0f921\"]]}],\"contourcarpet\":[{\"type\":\"contourcarpet\",\"colorbar\":{\"outlinewidth\":0,\"ticks\":\"\"}}],\"contour\":[{\"type\":\"contour\",\"colorbar\":{\"outlinewidth\":0,\"ticks\":\"\"},\"colorscale\":[[0.0,\"#0d0887\"],[0.1111111111111111,\"#46039f\"],[0.2222222222222222,\"#7201a8\"],[0.3333333333333333,\"#9c179e\"],[0.4444444444444444,\"#bd3786\"],[0.5555555555555556,\"#d8576b\"],[0.6666666666666666,\"#ed7953\"],[0.7777777777777778,\"#fb9f3a\"],[0.8888888888888888,\"#fdca26\"],[1.0,\"#f0f921\"]]}],\"surface\":[{\"type\":\"surface\",\"colorbar\":{\"outlinewidth\":0,\"ticks\":\"\"},\"colorscale\":[[0.0,\"#0d0887\"],[0.1111111111111111,\"#46039f\"],[0.2222222222222222,\"#7201a8\"],[0.3333333333333333,\"#9c179e\"],[0.4444444444444444,\"#bd3786\"],[0.5555555555555556,\"#d8576b\"],[0.6666666666666666,\"#ed7953\"],[0.7777777777777778,\"#fb9f3a\"],[0.8888888888888888,\"#fdca26\"],[1.0,\"#f0f921\"]]}],\"mesh3d\":[{\"type\":\"mesh3d\",\"colorbar\":{\"outlinewidth\":0,\"ticks\":\"\"}}],\"scatter\":[{\"fillpattern\":{\"fillmode\":\"overlay\",\"size\":10,\"solidity\":0.2},\"type\":\"scatter\"}],\"parcoords\":[{\"type\":\"parcoords\",\"line\":{\"colorbar\":{\"outlinewidth\":0,\"ticks\":\"\"}}}],\"scatterpolargl\":[{\"type\":\"scatterpolargl\",\"marker\":{\"colorbar\":{\"outlinewidth\":0,\"ticks\":\"\"}}}],\"bar\":[{\"error_x\":{\"color\":\"#2a3f5f\"},\"error_y\":{\"color\":\"#2a3f5f\"},\"marker\":{\"line\":{\"color\":\"#E5ECF6\",\"width\":0.5},\"pattern\":{\"fillmode\":\"overlay\",\"size\":10,\"solidity\":0.2}},\"type\":\"bar\"}],\"scattergeo\":[{\"type\":\"scattergeo\",\"marker\":{\"colorbar\":{\"outlinewidth\":0,\"ticks\":\"\"}}}],\"scatterpolar\":[{\"type\":\"scatterpolar\",\"marker\":{\"colorbar\":{\"outlinewidth\":0,\"ticks\":\"\"}}}],\"histogram\":[{\"marker\":{\"pattern\":{\"fillmode\":\"overlay\",\"size\":10,\"solidity\":0.2}},\"type\":\"histogram\"}],\"scattergl\":[{\"type\":\"scattergl\",\"marker\":{\"colorbar\":{\"outlinewidth\":0,\"ticks\":\"\"}}}],\"scatter3d\":[{\"type\":\"scatter3d\",\"line\":{\"colorbar\":{\"outlinewidth\":0,\"ticks\":\"\"}},\"marker\":{\"colorbar\":{\"outlinewidth\":0,\"ticks\":\"\"}}}],\"scattermapbox\":[{\"type\":\"scattermapbox\",\"marker\":{\"colorbar\":{\"outlinewidth\":0,\"ticks\":\"\"}}}],\"scatterternary\":[{\"type\":\"scatterternary\",\"marker\":{\"colorbar\":{\"outlinewidth\":0,\"ticks\":\"\"}}}],\"scattercarpet\":[{\"type\":\"scattercarpet\",\"marker\":{\"colorbar\":{\"outlinewidth\":0,\"ticks\":\"\"}}}],\"carpet\":[{\"aaxis\":{\"endlinecolor\":\"#2a3f5f\",\"gridcolor\":\"white\",\"linecolor\":\"white\",\"minorgridcolor\":\"white\",\"startlinecolor\":\"#2a3f5f\"},\"baxis\":{\"endlinecolor\":\"#2a3f5f\",\"gridcolor\":\"white\",\"linecolor\":\"white\",\"minorgridcolor\":\"white\",\"startlinecolor\":\"#2a3f5f\"},\"type\":\"carpet\"}],\"table\":[{\"cells\":{\"fill\":{\"color\":\"#EBF0F8\"},\"line\":{\"color\":\"white\"}},\"header\":{\"fill\":{\"color\":\"#C8D4E3\"},\"line\":{\"color\":\"white\"}},\"type\":\"table\"}],\"barpolar\":[{\"marker\":{\"line\":{\"color\":\"#E5ECF6\",\"width\":0.5},\"pattern\":{\"fillmode\":\"overlay\",\"size\":10,\"solidity\":0.2}},\"type\":\"barpolar\"}],\"pie\":[{\"automargin\":true,\"type\":\"pie\"}]},\"layout\":{\"autotypenumbers\":\"strict\",\"colorway\":[\"#636efa\",\"#EF553B\",\"#00cc96\",\"#ab63fa\",\"#FFA15A\",\"#19d3f3\",\"#FF6692\",\"#B6E880\",\"#FF97FF\",\"#FECB52\"],\"font\":{\"color\":\"#2a3f5f\"},\"hovermode\":\"closest\",\"hoverlabel\":{\"align\":\"left\"},\"paper_bgcolor\":\"white\",\"plot_bgcolor\":\"#E5ECF6\",\"polar\":{\"bgcolor\":\"#E5ECF6\",\"angularaxis\":{\"gridcolor\":\"white\",\"linecolor\":\"white\",\"ticks\":\"\"},\"radialaxis\":{\"gridcolor\":\"white\",\"linecolor\":\"white\",\"ticks\":\"\"}},\"ternary\":{\"bgcolor\":\"#E5ECF6\",\"aaxis\":{\"gridcolor\":\"white\",\"linecolor\":\"white\",\"ticks\":\"\"},\"baxis\":{\"gridcolor\":\"white\",\"linecolor\":\"white\",\"ticks\":\"\"},\"caxis\":{\"gridcolor\":\"white\",\"linecolor\":\"white\",\"ticks\":\"\"}},\"coloraxis\":{\"colorbar\":{\"outlinewidth\":0,\"ticks\":\"\"}},\"colorscale\":{\"sequential\":[[0.0,\"#0d0887\"],[0.1111111111111111,\"#46039f\"],[0.2222222222222222,\"#7201a8\"],[0.3333333333333333,\"#9c179e\"],[0.4444444444444444,\"#bd3786\"],[0.5555555555555556,\"#d8576b\"],[0.6666666666666666,\"#ed7953\"],[0.7777777777777778,\"#fb9f3a\"],[0.8888888888888888,\"#fdca26\"],[1.0,\"#f0f921\"]],\"sequentialminus\":[[0.0,\"#0d0887\"],[0.1111111111111111,\"#46039f\"],[0.2222222222222222,\"#7201a8\"],[0.3333333333333333,\"#9c179e\"],[0.4444444444444444,\"#bd3786\"],[0.5555555555555556,\"#d8576b\"],[0.6666666666666666,\"#ed7953\"],[0.7777777777777778,\"#fb9f3a\"],[0.8888888888888888,\"#fdca26\"],[1.0,\"#f0f921\"]],\"diverging\":[[0,\"#8e0152\"],[0.1,\"#c51b7d\"],[0.2,\"#de77ae\"],[0.3,\"#f1b6da\"],[0.4,\"#fde0ef\"],[0.5,\"#f7f7f7\"],[0.6,\"#e6f5d0\"],[0.7,\"#b8e186\"],[0.8,\"#7fbc41\"],[0.9,\"#4d9221\"],[1,\"#276419\"]]},\"xaxis\":{\"gridcolor\":\"white\",\"linecolor\":\"white\",\"ticks\":\"\",\"title\":{\"standoff\":15},\"zerolinecolor\":\"white\",\"automargin\":true,\"zerolinewidth\":2},\"yaxis\":{\"gridcolor\":\"white\",\"linecolor\":\"white\",\"ticks\":\"\",\"title\":{\"standoff\":15},\"zerolinecolor\":\"white\",\"automargin\":true,\"zerolinewidth\":2},\"scene\":{\"xaxis\":{\"backgroundcolor\":\"#E5ECF6\",\"gridcolor\":\"white\",\"linecolor\":\"white\",\"showbackground\":true,\"ticks\":\"\",\"zerolinecolor\":\"white\",\"gridwidth\":2},\"yaxis\":{\"backgroundcolor\":\"#E5ECF6\",\"gridcolor\":\"white\",\"linecolor\":\"white\",\"showbackground\":true,\"ticks\":\"\",\"zerolinecolor\":\"white\",\"gridwidth\":2},\"zaxis\":{\"backgroundcolor\":\"#E5ECF6\",\"gridcolor\":\"white\",\"linecolor\":\"white\",\"showbackground\":true,\"ticks\":\"\",\"zerolinecolor\":\"white\",\"gridwidth\":2}},\"shapedefaults\":{\"line\":{\"color\":\"#2a3f5f\"}},\"annotationdefaults\":{\"arrowcolor\":\"#2a3f5f\",\"arrowhead\":0,\"arrowwidth\":1},\"geo\":{\"bgcolor\":\"white\",\"landcolor\":\"#E5ECF6\",\"subunitcolor\":\"white\",\"showland\":true,\"showlakes\":true,\"lakecolor\":\"white\"},\"title\":{\"x\":0.05},\"mapbox\":{\"style\":\"light\"}}},\"xaxis\":{\"anchor\":\"y\",\"domain\":[0.0,1.0],\"scaleanchor\":\"y\",\"constrain\":\"domain\"},\"yaxis\":{\"anchor\":\"x\",\"domain\":[0.0,1.0],\"autorange\":\"reversed\",\"constrain\":\"domain\"},\"coloraxis\":{\"colorscale\":[[0.0,\"rgb(0, 128, 128)\"],[0.16666666666666666,\"rgb(112, 164, 148)\"],[0.3333333333333333,\"rgb(180, 200, 168)\"],[0.5,\"rgb(246, 237, 189)\"],[0.6666666666666666,\"rgb(237, 187, 138)\"],[0.8333333333333334,\"rgb(222, 138, 90)\"],[1.0,\"rgb(202, 86, 44)\"]],\"cmin\":-1,\"cmax\":1},\"title\":{\"text\":\"Correlação de Pearson: Análise Sensorial\"},\"width\":600,\"height\":600},                        {\"responsive\": true}                    ).then(function(){\n",
              "                            \n",
              "var gd = document.getElementById('81ea94ab-1c20-46e1-a5d5-4031760b4b57');\n",
              "var x = new MutationObserver(function (mutations, observer) {{\n",
              "        var display = window.getComputedStyle(gd).display;\n",
              "        if (!display || display === 'none') {{\n",
              "            console.log([gd, 'removed!']);\n",
              "            Plotly.purge(gd);\n",
              "            observer.disconnect();\n",
              "        }}\n",
              "}});\n",
              "\n",
              "// Listen for the removal of the full notebook cells\n",
              "var notebookContainer = gd.closest('#notebook-container');\n",
              "if (notebookContainer) {{\n",
              "    x.observe(notebookContainer, {childList: true});\n",
              "}}\n",
              "\n",
              "// Listen for the clearing of the current output cell\n",
              "var outputEl = gd.closest('.output');\n",
              "if (outputEl) {{\n",
              "    x.observe(outputEl, {childList: true});\n",
              "}}\n",
              "\n",
              "                        })                };                            </script>        </div>\n",
              "</body>\n",
              "</html>"
            ]
          },
          "metadata": {}
        }
      ]
    },
    {
      "cell_type": "markdown",
      "source": [
        "Quanto mais verde, mais amarga."
      ],
      "metadata": {
        "id": "Lhe1vnF1TobY"
      }
    },
    {
      "cell_type": "markdown",
      "source": [
        "#Correlação: Cores"
      ],
      "metadata": {
        "id": "mW6MyK6yBX1I"
      }
    },
    {
      "cell_type": "code",
      "source": [
        "df = CorM\n",
        "\n",
        "df_numerico = df.drop(columns='Trat_Meses', errors='ignore')\n",
        "\n",
        "matriz_correlacao = df_numerico.corr(method='pearson')\n",
        "print(matriz_correlacao)"
      ],
      "metadata": {
        "colab": {
          "base_uri": "https://localhost:8080/"
        },
        "id": "NZhLwfEUAR_T",
        "outputId": "c8fa053e-e56f-4d5f-8638-882f3b272c78"
      },
      "execution_count": null,
      "outputs": [
        {
          "output_type": "stream",
          "name": "stdout",
          "text": [
            "               L         a         b         C         D        YI    DeltaE\n",
            "L       1.000000  0.900762  0.156780  0.156478  0.909759 -0.463683  0.973211\n",
            "a       0.900762  1.000000 -0.069290 -0.074082  0.996638 -0.613267  0.826048\n",
            "b       0.156780 -0.069290  1.000000  0.999717 -0.013602  0.801976  0.379188\n",
            "C       0.156478 -0.074082  0.999717  1.000000 -0.018946  0.802371  0.379155\n",
            "D       0.909759  0.996638 -0.013602 -0.018946  1.000000 -0.568332  0.846775\n",
            "YI     -0.463683 -0.613267  0.801976  0.802371 -0.568332  1.000000 -0.247902\n",
            "DeltaE  0.973211  0.826048  0.379188  0.379155  0.846775 -0.247902  1.000000\n"
          ]
        }
      ]
    },
    {
      "cell_type": "code",
      "source": [
        "fig = px.imshow(\n",
        "    matriz_correlacao,\n",
        "    text_auto='.2f',          # mostra os valores com 2 casas decimais\n",
        "    color_continuous_scale='Geyser',\n",
        "    zmin=-1, zmax=1,\n",
        "    title='Correlação de Pearson: Cor'\n",
        ")\n",
        "\n",
        "fig.update_layout(\n",
        "    width=600,\n",
        "    height=600,\n",
        ")\n",
        "\n",
        "fig.show()"
      ],
      "metadata": {
        "colab": {
          "base_uri": "https://localhost:8080/",
          "height": 617
        },
        "id": "ciemVWP-CIKF",
        "outputId": "cb9f8517-1000-48b4-b5d7-19720941c6c0"
      },
      "execution_count": null,
      "outputs": [
        {
          "output_type": "display_data",
          "data": {
            "text/html": [
              "<html>\n",
              "<head><meta charset=\"utf-8\" /></head>\n",
              "<body>\n",
              "    <div>            <script src=\"https://cdnjs.cloudflare.com/ajax/libs/mathjax/2.7.5/MathJax.js?config=TeX-AMS-MML_SVG\"></script><script type=\"text/javascript\">if (window.MathJax && window.MathJax.Hub && window.MathJax.Hub.Config) {window.MathJax.Hub.Config({SVG: {font: \"STIX-Web\"}});}</script>                <script type=\"text/javascript\">window.PlotlyConfig = {MathJaxConfig: 'local'};</script>\n",
              "        <script charset=\"utf-8\" src=\"https://cdn.plot.ly/plotly-2.35.2.min.js\"></script>                <div id=\"a3e24f34-55be-4733-a00d-3733a1d0d6fe\" class=\"plotly-graph-div\" style=\"height:600px; width:600px;\"></div>            <script type=\"text/javascript\">                                    window.PLOTLYENV=window.PLOTLYENV || {};                                    if (document.getElementById(\"a3e24f34-55be-4733-a00d-3733a1d0d6fe\")) {                    Plotly.newPlot(                        \"a3e24f34-55be-4733-a00d-3733a1d0d6fe\",                        [{\"coloraxis\":\"coloraxis\",\"name\":\"0\",\"texttemplate\":\"%{z:.2f}\",\"x\":[\"L\",\"a\",\"b\",\"C\",\"D\",\"YI\",\"DeltaE\"],\"y\":[\"L\",\"a\",\"b\",\"C\",\"D\",\"YI\",\"DeltaE\"],\"z\":[[1.0,0.9007622039400834,0.15677992728433046,0.1564778393518306,0.9097590554011779,-0.4636829872596412,0.9732108274030694],[0.9007622039400834,1.0,-0.06929046500917452,-0.07408229346062632,0.9966377132725741,-0.6132673673072969,0.8260484222940688],[0.15677992728433046,-0.06929046500917452,1.0,0.9997170616832778,-0.01360183427605891,0.8019758561199931,0.3791876104433908],[0.1564778393518306,-0.07408229346062632,0.9997170616832778,1.0,-0.018946316750840145,0.8023710152794666,0.37915531712215667],[0.9097590554011779,0.9966377132725741,-0.01360183427605891,-0.018946316750840145,1.0,-0.5683316583121928,0.8467754208555134],[-0.4636829872596412,-0.6132673673072969,0.8019758561199931,0.8023710152794666,-0.5683316583121928,1.0,-0.2479019972174285],[0.9732108274030694,0.8260484222940688,0.3791876104433908,0.37915531712215667,0.8467754208555134,-0.2479019972174285,1.0]],\"type\":\"heatmap\",\"xaxis\":\"x\",\"yaxis\":\"y\",\"hovertemplate\":\"x: %{x}\\u003cbr\\u003ey: %{y}\\u003cbr\\u003ecolor: %{z}\\u003cextra\\u003e\\u003c\\u002fextra\\u003e\"}],                        {\"template\":{\"data\":{\"histogram2dcontour\":[{\"type\":\"histogram2dcontour\",\"colorbar\":{\"outlinewidth\":0,\"ticks\":\"\"},\"colorscale\":[[0.0,\"#0d0887\"],[0.1111111111111111,\"#46039f\"],[0.2222222222222222,\"#7201a8\"],[0.3333333333333333,\"#9c179e\"],[0.4444444444444444,\"#bd3786\"],[0.5555555555555556,\"#d8576b\"],[0.6666666666666666,\"#ed7953\"],[0.7777777777777778,\"#fb9f3a\"],[0.8888888888888888,\"#fdca26\"],[1.0,\"#f0f921\"]]}],\"choropleth\":[{\"type\":\"choropleth\",\"colorbar\":{\"outlinewidth\":0,\"ticks\":\"\"}}],\"histogram2d\":[{\"type\":\"histogram2d\",\"colorbar\":{\"outlinewidth\":0,\"ticks\":\"\"},\"colorscale\":[[0.0,\"#0d0887\"],[0.1111111111111111,\"#46039f\"],[0.2222222222222222,\"#7201a8\"],[0.3333333333333333,\"#9c179e\"],[0.4444444444444444,\"#bd3786\"],[0.5555555555555556,\"#d8576b\"],[0.6666666666666666,\"#ed7953\"],[0.7777777777777778,\"#fb9f3a\"],[0.8888888888888888,\"#fdca26\"],[1.0,\"#f0f921\"]]}],\"heatmap\":[{\"type\":\"heatmap\",\"colorbar\":{\"outlinewidth\":0,\"ticks\":\"\"},\"colorscale\":[[0.0,\"#0d0887\"],[0.1111111111111111,\"#46039f\"],[0.2222222222222222,\"#7201a8\"],[0.3333333333333333,\"#9c179e\"],[0.4444444444444444,\"#bd3786\"],[0.5555555555555556,\"#d8576b\"],[0.6666666666666666,\"#ed7953\"],[0.7777777777777778,\"#fb9f3a\"],[0.8888888888888888,\"#fdca26\"],[1.0,\"#f0f921\"]]}],\"heatmapgl\":[{\"type\":\"heatmapgl\",\"colorbar\":{\"outlinewidth\":0,\"ticks\":\"\"},\"colorscale\":[[0.0,\"#0d0887\"],[0.1111111111111111,\"#46039f\"],[0.2222222222222222,\"#7201a8\"],[0.3333333333333333,\"#9c179e\"],[0.4444444444444444,\"#bd3786\"],[0.5555555555555556,\"#d8576b\"],[0.6666666666666666,\"#ed7953\"],[0.7777777777777778,\"#fb9f3a\"],[0.8888888888888888,\"#fdca26\"],[1.0,\"#f0f921\"]]}],\"contourcarpet\":[{\"type\":\"contourcarpet\",\"colorbar\":{\"outlinewidth\":0,\"ticks\":\"\"}}],\"contour\":[{\"type\":\"contour\",\"colorbar\":{\"outlinewidth\":0,\"ticks\":\"\"},\"colorscale\":[[0.0,\"#0d0887\"],[0.1111111111111111,\"#46039f\"],[0.2222222222222222,\"#7201a8\"],[0.3333333333333333,\"#9c179e\"],[0.4444444444444444,\"#bd3786\"],[0.5555555555555556,\"#d8576b\"],[0.6666666666666666,\"#ed7953\"],[0.7777777777777778,\"#fb9f3a\"],[0.8888888888888888,\"#fdca26\"],[1.0,\"#f0f921\"]]}],\"surface\":[{\"type\":\"surface\",\"colorbar\":{\"outlinewidth\":0,\"ticks\":\"\"},\"colorscale\":[[0.0,\"#0d0887\"],[0.1111111111111111,\"#46039f\"],[0.2222222222222222,\"#7201a8\"],[0.3333333333333333,\"#9c179e\"],[0.4444444444444444,\"#bd3786\"],[0.5555555555555556,\"#d8576b\"],[0.6666666666666666,\"#ed7953\"],[0.7777777777777778,\"#fb9f3a\"],[0.8888888888888888,\"#fdca26\"],[1.0,\"#f0f921\"]]}],\"mesh3d\":[{\"type\":\"mesh3d\",\"colorbar\":{\"outlinewidth\":0,\"ticks\":\"\"}}],\"scatter\":[{\"fillpattern\":{\"fillmode\":\"overlay\",\"size\":10,\"solidity\":0.2},\"type\":\"scatter\"}],\"parcoords\":[{\"type\":\"parcoords\",\"line\":{\"colorbar\":{\"outlinewidth\":0,\"ticks\":\"\"}}}],\"scatterpolargl\":[{\"type\":\"scatterpolargl\",\"marker\":{\"colorbar\":{\"outlinewidth\":0,\"ticks\":\"\"}}}],\"bar\":[{\"error_x\":{\"color\":\"#2a3f5f\"},\"error_y\":{\"color\":\"#2a3f5f\"},\"marker\":{\"line\":{\"color\":\"#E5ECF6\",\"width\":0.5},\"pattern\":{\"fillmode\":\"overlay\",\"size\":10,\"solidity\":0.2}},\"type\":\"bar\"}],\"scattergeo\":[{\"type\":\"scattergeo\",\"marker\":{\"colorbar\":{\"outlinewidth\":0,\"ticks\":\"\"}}}],\"scatterpolar\":[{\"type\":\"scatterpolar\",\"marker\":{\"colorbar\":{\"outlinewidth\":0,\"ticks\":\"\"}}}],\"histogram\":[{\"marker\":{\"pattern\":{\"fillmode\":\"overlay\",\"size\":10,\"solidity\":0.2}},\"type\":\"histogram\"}],\"scattergl\":[{\"type\":\"scattergl\",\"marker\":{\"colorbar\":{\"outlinewidth\":0,\"ticks\":\"\"}}}],\"scatter3d\":[{\"type\":\"scatter3d\",\"line\":{\"colorbar\":{\"outlinewidth\":0,\"ticks\":\"\"}},\"marker\":{\"colorbar\":{\"outlinewidth\":0,\"ticks\":\"\"}}}],\"scattermapbox\":[{\"type\":\"scattermapbox\",\"marker\":{\"colorbar\":{\"outlinewidth\":0,\"ticks\":\"\"}}}],\"scatterternary\":[{\"type\":\"scatterternary\",\"marker\":{\"colorbar\":{\"outlinewidth\":0,\"ticks\":\"\"}}}],\"scattercarpet\":[{\"type\":\"scattercarpet\",\"marker\":{\"colorbar\":{\"outlinewidth\":0,\"ticks\":\"\"}}}],\"carpet\":[{\"aaxis\":{\"endlinecolor\":\"#2a3f5f\",\"gridcolor\":\"white\",\"linecolor\":\"white\",\"minorgridcolor\":\"white\",\"startlinecolor\":\"#2a3f5f\"},\"baxis\":{\"endlinecolor\":\"#2a3f5f\",\"gridcolor\":\"white\",\"linecolor\":\"white\",\"minorgridcolor\":\"white\",\"startlinecolor\":\"#2a3f5f\"},\"type\":\"carpet\"}],\"table\":[{\"cells\":{\"fill\":{\"color\":\"#EBF0F8\"},\"line\":{\"color\":\"white\"}},\"header\":{\"fill\":{\"color\":\"#C8D4E3\"},\"line\":{\"color\":\"white\"}},\"type\":\"table\"}],\"barpolar\":[{\"marker\":{\"line\":{\"color\":\"#E5ECF6\",\"width\":0.5},\"pattern\":{\"fillmode\":\"overlay\",\"size\":10,\"solidity\":0.2}},\"type\":\"barpolar\"}],\"pie\":[{\"automargin\":true,\"type\":\"pie\"}]},\"layout\":{\"autotypenumbers\":\"strict\",\"colorway\":[\"#636efa\",\"#EF553B\",\"#00cc96\",\"#ab63fa\",\"#FFA15A\",\"#19d3f3\",\"#FF6692\",\"#B6E880\",\"#FF97FF\",\"#FECB52\"],\"font\":{\"color\":\"#2a3f5f\"},\"hovermode\":\"closest\",\"hoverlabel\":{\"align\":\"left\"},\"paper_bgcolor\":\"white\",\"plot_bgcolor\":\"#E5ECF6\",\"polar\":{\"bgcolor\":\"#E5ECF6\",\"angularaxis\":{\"gridcolor\":\"white\",\"linecolor\":\"white\",\"ticks\":\"\"},\"radialaxis\":{\"gridcolor\":\"white\",\"linecolor\":\"white\",\"ticks\":\"\"}},\"ternary\":{\"bgcolor\":\"#E5ECF6\",\"aaxis\":{\"gridcolor\":\"white\",\"linecolor\":\"white\",\"ticks\":\"\"},\"baxis\":{\"gridcolor\":\"white\",\"linecolor\":\"white\",\"ticks\":\"\"},\"caxis\":{\"gridcolor\":\"white\",\"linecolor\":\"white\",\"ticks\":\"\"}},\"coloraxis\":{\"colorbar\":{\"outlinewidth\":0,\"ticks\":\"\"}},\"colorscale\":{\"sequential\":[[0.0,\"#0d0887\"],[0.1111111111111111,\"#46039f\"],[0.2222222222222222,\"#7201a8\"],[0.3333333333333333,\"#9c179e\"],[0.4444444444444444,\"#bd3786\"],[0.5555555555555556,\"#d8576b\"],[0.6666666666666666,\"#ed7953\"],[0.7777777777777778,\"#fb9f3a\"],[0.8888888888888888,\"#fdca26\"],[1.0,\"#f0f921\"]],\"sequentialminus\":[[0.0,\"#0d0887\"],[0.1111111111111111,\"#46039f\"],[0.2222222222222222,\"#7201a8\"],[0.3333333333333333,\"#9c179e\"],[0.4444444444444444,\"#bd3786\"],[0.5555555555555556,\"#d8576b\"],[0.6666666666666666,\"#ed7953\"],[0.7777777777777778,\"#fb9f3a\"],[0.8888888888888888,\"#fdca26\"],[1.0,\"#f0f921\"]],\"diverging\":[[0,\"#8e0152\"],[0.1,\"#c51b7d\"],[0.2,\"#de77ae\"],[0.3,\"#f1b6da\"],[0.4,\"#fde0ef\"],[0.5,\"#f7f7f7\"],[0.6,\"#e6f5d0\"],[0.7,\"#b8e186\"],[0.8,\"#7fbc41\"],[0.9,\"#4d9221\"],[1,\"#276419\"]]},\"xaxis\":{\"gridcolor\":\"white\",\"linecolor\":\"white\",\"ticks\":\"\",\"title\":{\"standoff\":15},\"zerolinecolor\":\"white\",\"automargin\":true,\"zerolinewidth\":2},\"yaxis\":{\"gridcolor\":\"white\",\"linecolor\":\"white\",\"ticks\":\"\",\"title\":{\"standoff\":15},\"zerolinecolor\":\"white\",\"automargin\":true,\"zerolinewidth\":2},\"scene\":{\"xaxis\":{\"backgroundcolor\":\"#E5ECF6\",\"gridcolor\":\"white\",\"linecolor\":\"white\",\"showbackground\":true,\"ticks\":\"\",\"zerolinecolor\":\"white\",\"gridwidth\":2},\"yaxis\":{\"backgroundcolor\":\"#E5ECF6\",\"gridcolor\":\"white\",\"linecolor\":\"white\",\"showbackground\":true,\"ticks\":\"\",\"zerolinecolor\":\"white\",\"gridwidth\":2},\"zaxis\":{\"backgroundcolor\":\"#E5ECF6\",\"gridcolor\":\"white\",\"linecolor\":\"white\",\"showbackground\":true,\"ticks\":\"\",\"zerolinecolor\":\"white\",\"gridwidth\":2}},\"shapedefaults\":{\"line\":{\"color\":\"#2a3f5f\"}},\"annotationdefaults\":{\"arrowcolor\":\"#2a3f5f\",\"arrowhead\":0,\"arrowwidth\":1},\"geo\":{\"bgcolor\":\"white\",\"landcolor\":\"#E5ECF6\",\"subunitcolor\":\"white\",\"showland\":true,\"showlakes\":true,\"lakecolor\":\"white\"},\"title\":{\"x\":0.05},\"mapbox\":{\"style\":\"light\"}}},\"xaxis\":{\"anchor\":\"y\",\"domain\":[0.0,1.0],\"scaleanchor\":\"y\",\"constrain\":\"domain\"},\"yaxis\":{\"anchor\":\"x\",\"domain\":[0.0,1.0],\"autorange\":\"reversed\",\"constrain\":\"domain\"},\"coloraxis\":{\"colorscale\":[[0.0,\"rgb(0, 128, 128)\"],[0.16666666666666666,\"rgb(112, 164, 148)\"],[0.3333333333333333,\"rgb(180, 200, 168)\"],[0.5,\"rgb(246, 237, 189)\"],[0.6666666666666666,\"rgb(237, 187, 138)\"],[0.8333333333333334,\"rgb(222, 138, 90)\"],[1.0,\"rgb(202, 86, 44)\"]],\"cmin\":-1,\"cmax\":1},\"title\":{\"text\":\"Correlação de Pearson: Cor\"},\"width\":600,\"height\":600},                        {\"responsive\": true}                    ).then(function(){\n",
              "                            \n",
              "var gd = document.getElementById('a3e24f34-55be-4733-a00d-3733a1d0d6fe');\n",
              "var x = new MutationObserver(function (mutations, observer) {{\n",
              "        var display = window.getComputedStyle(gd).display;\n",
              "        if (!display || display === 'none') {{\n",
              "            console.log([gd, 'removed!']);\n",
              "            Plotly.purge(gd);\n",
              "            observer.disconnect();\n",
              "        }}\n",
              "}});\n",
              "\n",
              "// Listen for the removal of the full notebook cells\n",
              "var notebookContainer = gd.closest('#notebook-container');\n",
              "if (notebookContainer) {{\n",
              "    x.observe(notebookContainer, {childList: true});\n",
              "}}\n",
              "\n",
              "// Listen for the clearing of the current output cell\n",
              "var outputEl = gd.closest('.output');\n",
              "if (outputEl) {{\n",
              "    x.observe(outputEl, {childList: true});\n",
              "}}\n",
              "\n",
              "                        })                };                            </script>        </div>\n",
              "</body>\n",
              "</html>"
            ]
          },
          "metadata": {}
        }
      ]
    },
    {
      "cell_type": "markdown",
      "source": [
        "#Correlação: Fenóis Individuais\n"
      ],
      "metadata": {
        "id": "iTL1XV1SVjjg"
      }
    },
    {
      "cell_type": "code",
      "source": [
        "df = FenoisIndividuaisM\n",
        "\n",
        "df_numerico = df.drop(columns='Trat_Meses', errors='ignore')\n",
        "\n",
        "matriz_correlacao = df_numerico.corr(method='pearson')\n",
        "print(matriz_correlacao)"
      ],
      "metadata": {
        "colab": {
          "base_uri": "https://localhost:8080/"
        },
        "id": "IRWwIq2MVplM",
        "outputId": "54a9ffd3-a5a3-4bf0-d157-227f0a39135a"
      },
      "execution_count": null,
      "outputs": [
        {
          "output_type": "stream",
          "name": "stdout",
          "text": [
            "                          Average_caffeine   Average_theobromine   \\\n",
            "Average_caffeine                   1.000000             -0.347896   \n",
            "Average_theobromine               -0.347896              1.000000   \n",
            "Average_catechin                   0.853788              0.089095   \n",
            "Average_chlorogenic_acid          -0.525070              0.826838   \n",
            "Average_caffeic_acid               0.456855             -0.736990   \n",
            "\n",
            "                          Average_catechin   Average_chlorogenic_acid  \\\n",
            "Average_caffeine                   0.853788                 -0.525070   \n",
            "Average_theobromine                0.089095                  0.826838   \n",
            "Average_catechin                   1.000000                 -0.164776   \n",
            "Average_chlorogenic_acid          -0.164776                  1.000000   \n",
            "Average_caffeic_acid               0.062995                 -0.607628   \n",
            "\n",
            "                          Average_caffeic_acid  \n",
            "Average_caffeine                      0.456855  \n",
            "Average_theobromine                  -0.736990  \n",
            "Average_catechin                      0.062995  \n",
            "Average_chlorogenic_acid             -0.607628  \n",
            "Average_caffeic_acid                  1.000000  \n"
          ]
        }
      ]
    },
    {
      "cell_type": "code",
      "source": [
        "fig = px.imshow(\n",
        "    matriz_correlacao,\n",
        "    text_auto='.2f',          # mostra os valores com 2 casas decimais\n",
        "    color_continuous_scale='Geyser',\n",
        "    zmin=-1, zmax=1,\n",
        "    title='Correlação de Pearson: Fenóis Individuais'\n",
        ")\n",
        "\n",
        "fig.update_layout(\n",
        "    width=600,\n",
        "    height=600,\n",
        ")\n",
        "\n",
        "fig.show()"
      ],
      "metadata": {
        "colab": {
          "base_uri": "https://localhost:8080/",
          "height": 617
        },
        "id": "YH1x9LS5V1AS",
        "outputId": "c3942a16-a946-4bbc-d941-d4681d34abbc"
      },
      "execution_count": null,
      "outputs": [
        {
          "output_type": "display_data",
          "data": {
            "text/html": [
              "<html>\n",
              "<head><meta charset=\"utf-8\" /></head>\n",
              "<body>\n",
              "    <div>            <script src=\"https://cdnjs.cloudflare.com/ajax/libs/mathjax/2.7.5/MathJax.js?config=TeX-AMS-MML_SVG\"></script><script type=\"text/javascript\">if (window.MathJax && window.MathJax.Hub && window.MathJax.Hub.Config) {window.MathJax.Hub.Config({SVG: {font: \"STIX-Web\"}});}</script>                <script type=\"text/javascript\">window.PlotlyConfig = {MathJaxConfig: 'local'};</script>\n",
